3331133333332001020320333302320210132121302202303232332003131100111312200103023123321313321220132020
2200313210013122032211231310023002100100103323321332122133111222323121300212333000002332330220330011
1313331301130032232000331212020200120330201012112121320322210220232333210131203200311131201322201122
3123332200202020000202201232322331200110210102123212113021130131221133031230213013001213231113011000
3112330100213303231232133311322230011101103223223330003212320310021212200221102110012331201313313122
1001331033131012323023202211313320123333013303032313312333113103312031232023003313311322310110203321
2022013102111131130212030220332303230211021332200102003031202213001212032311121013202111032210132303
3222001230020201313012033311003210011122202220323013321021233220003332320122311110311222021211323301
2101222223333130102013202030221232310200001313303111113331020110111330110112333110231311023200021331
3121011132320313331232002120011221313323210032231010210321001202032222301020112111033011200030130222
3332302102122223032113223332120223013033221310001031310210101010000110202222213312133232212000002102
0222333230103223012031131013031033120223220321120233020032211033201111013120020322110013232320302132
3030012000031001202332020322211001331111110011220021333101222121201323103103200300013001220111213332
